DOT_PRODUCT (1 2 3 4 5) (5 4 3 2 1)
3D_CROSS_PRODUCT (1 2 3) (3 2 1)
7D_CROSS_PRODUCT (1 2 3 4 5 6 7) (7 6 5 4 3 2 1)
3D_TRIPLE_PRODUCT (1 2 3) (4 5 6) (7 8 155222)
7D_TRIPLE_PRODUCT (1 2 3 4 5 6 7) (8 9 10 11 12 1123124 14) (15 16 17 18 1241215 20 21)
VECTOR_ADD (1 2 3 4) (4 3 2 1)
VECTOR_SUB (10 20 30) (5 10 15)
SCALAR_MULT 3 (7 8 9)
NORM (3 4 12)
GRAM_SCHMIDT_PROCESS (1 1 0) (1 0 1) (0 1 1)
MATRIX_ADD [(1 2 3) (4 5 6) (7 8 9)] [(124 14 156) (152 62236 2) (1262 23623 347)]
MATRIX_MUL [(1 2 3) (4 5 6) (7 8 9)] [(124 14 156) (152 62236 2) (1262 23623 347)]
MATRIX_SCALAR_MUL 52 [(1 2 3) (4 5 6) (7 8 9)]
DETERMINANT [(111 266 233) (4236 1512512 1224) (1337 48 52)]
INVERSE [(1 2 52) (48 5 6) (7 -12515 9)]
GAUSS_SOLVE [(1 -12515 3) (124125 5 6) (7 8 29841928419)] (5 4 1)
GAUSS_JORDAN_SOLVE [(1 -12515 3) (124125 5 6) (7 8 29841928419)] (5 4 1)
MATRIX_RANK [(1 2 3) (4 5 6) (7 8 9)] 

